00
10
01
0000
0100
1000
0001
0010
1100
1010
0101
1001
0110
0011
00000000
10000000
00000001
00010000
01000000
00001000
00000100
00000010
00100000
11000000
10010000
01001000
00100100
00000101
00100001
00000011
00101000
00010010
00001001
10001000
01010000
00000110
10000010
01000001
10100000
01000010
00010001
00110000
00001100
00011000
01100000
00010100
10000001
00100010
01000100
00001010
10000100
01010001
10101000
10100100
10001001
01011000
10100001
10100010
01010010
10010001
10010100
11001000
11000010
11100000
00010110
10001100
00001110
00101001
00011100
01101000
00001101
00011010
11010000
10000011
00010011
01000110
01100010
10000110
10011000
10010010
10001010
01001100
01000101
00101010
00110100
00111000
00001011
01010100
10110000
00010101
01001010
00110001
10000101
01100100
00100110
00101100
00000111
11000100
01110000
00100101
00011001
11000001
01001001
00100011
01100001
00110010
01100101
00011101
00101011
10100110
01001110
01110100
11000011
11001010
00011011
11011000
10101100
10010110
10101010
01011010
00101110
00001111
11110000
10001011
11001100
10011100
11000101
10110010
01000111
01111000
10100011
10101001
01001011
10100101
10110001
11100100
11100010
10111000
01100011
00011110
00101101
10001101
01001101
10000111
11000110
01110010
00111010
00110101
10011001
00110011
10001110
10010011
11001001
01010110
01011001
00100111
01011100
11010001
11100001
01010101
11101000
00110110
11010010
00010111
00111100
01010011
10011010
01110001
01101010
11010100
01100110
0000000000000000
0000000000100000
0000100000000000
0000000000000010
0000000010000000
0000001000000000
0000000000000001
1000000000000000
0000000100000000
0000000000010000
0001000000000000
0000010000000000
0000000000001000
0000000000000100
0100000000000000
0010000000000000
0000000001000000
0000100000001010
0000011000001000
0100000010000100
0000000010100010
0010100001000000
1010100000000000
0000000000110010
0000010010001000
0100000000011000
0100000010001000
0000100110000000
0001100000000001
0000110010000000
1100100000000000
1000001001000000
0000011000010000
0000100000010100
0010010000001000
0100010001000000
1100000001000000
0000010001000001
0001001000001000
0000100100000100
0000000101000100
1000000000101000
0000100010100000
1000100000001000
0100000000001010
0000100101000000
1000001000000001
0101010000000000
0110100000000000
1000000000000011
0000000000101100
0010000000100001
0000000011000100
0000010100100000
0000001010100000
0100000101000000
0010100010000000
1001000001000000
0000100011000000
0100010000010000
0000000100001010
0011000010000000
1010000000100000
0100010000000010
0000000100100001
0010000000100010
1000001000010000
0100000001001000
0011000100000000
0001000000010001
0011001000000000
0000001100000100
0100000110000000
0001100010000000
0010011000000000
0100000010010000
1010000100000000
1010001000000000
0000000001001001
0000010000010001
0000000100100100
1000000000010100
0000000001011000
0110000000010000
0001000000000110
0000000101000010
0100110000000000
0000011001000000
0010000000010100
0001000001000100
0100000001000100
0000101001000000
0000011000100000
0000000000011100
0000000100010001
1000000000100001
0000011000000001
0001100100000000
0001000000000011
0000010000110000
1010000000000100
0000100001001000
0000001010010000
0000000100100010
0100001000100000
0000001001000001
0000010000001100
0000100000100010
0100001100000000
1100000000000100
0000110000000010
0000101000000010
1000000110000000
0000000001101000
0011000000010000
0010000100000001
0000000100011000
0000000010000110
1000000100001000
0000000001001010
0010110000000000
0000000000101001
0001010000100000
0000100000100100
0010000000010010
0000000100001100
0010000001000100
0110000000100000
0100010000001000
1000010000001000
0000000100101000
0100001000010000
0000000010001010
0001000000001100
0000000110010000
0000101000000100
0000110000001000
1000100000100000
0000010000100010
0000001000100010
1000000001010000
0000111000000000
1100000100000000
0010001000000001
0101000000010000
1000001010000000
0001000100000001
0010000000100100
0000010101000000
0000001100000010
1000000101000000
0000100100100000
0001101000000000
0011000000000100
0000001110000000
0110000000000100
1010000000000010
0100000010100000
0011000000000010
0100000000100001
0000100100010000
1000101000000000
1000000000100010
0001000110000000
0100000001000010
0100000010000001
0010000101000000
0000000011000001
0101100000000000
0000100000010001
0101000001000000
0000100010000010
0100010000100000
1000001100000000
1000001000100000
0000100000000110
0100001001000000
0000001000100001
1000000010000100
0100010000000100
0000001000011000
0100000000110000
0000100000000101
1000000100100000
0100000000101000
0010001000100000
0010000001000001
0000100100000001
0110010000000000
1001000000000100
0100010000100010
0011000011000000
0100010010001000
0010100000010010
1100000000010100
0100100001001000
0010011000100000
1000010000000011
0000110100000100
0110000100000100
1001000010001000
1100000000001001
1000010110000000
0000010011010000
1000001001010000
1100010000000010
0000111000000010
0000110100000001
0010100001000100
1010100100000000
0000001000111000
0001000100100001
1010010010000000
0001011000001000
0010100000110000
1000101000000010
0101000010010000
0001010000000011
0010010010000001
1000111000000000
0010000000010101
0001000100101000
1000001010100000
0000010000110001
0000011010000010
0000101100000100
0011010001000000
0111100000000000
1000110000001000
0000000010100110
0000001100100001
0101000100010000
1100000000100010
1010000001001000
0100001010100000
1000000010100010
1010000000100010
0100000010101000
1000000100010010
0000100010010100
1010010000000010
1100010100000000
0100001001010000
0101000001001000
0001000110000001
0011000101000000
1100000001010000
0000000100001110
0100000100010010
0000011000001010
0000010010010001
0100000000101100
0000010100000101
0000101010000010
1000100000010010
0100100000100001
0000100101001000
0001001000010100
1001000000010010
0100000000001011
1101000000010000
1001110000000000
1010100000000100
0001000010011000
0000000010011100
0110010000010000
0010000010000011
0001000110001000
0100000100000011
0001010010000010
0000000011101000
0100010010100000
0000011000100010
0010101100000000
1000010010001000
0010101000010000
0010000010100100
1000100000000101
0100001100000100
0010000001010001
0010001001100000
1100000000010001
0001110001000000
0010100000101000
0100000010110000
1100000000010010
0000100001100001
0100000110100000
1011000100000000
0011000000100010
0110000100010000
0001000001010010
0000010000001011
0100000000010101
0100110000010000
0010000000100101
0100001000110000
0000000010101010
1011000000001000
1000000010010001
1000000000100101
0001000010100010
0101100000001000
0000110001100000
0110110000000000
0101100000010000
0001100000000011
0000110000011000
0100110000100000
1000100001000100
1100000010010000
0001100000001001
0000001001011000
0000010001010100
1100010000000100
1000010000011000
0001010000000101
0001000011100000
0011000010000100
0011000000100001
1000000010110000
0100000000101010
0000001100000011
0001000000110100
0010010010000100
0001100000000110
1001001000001000
0000001011000010
0011000000101000
1000010010000100
1010101000000000
1010010000001000
1000001100001000
0001000100100100
1000000000110010
0001000000011010
1000100000010100
1000100000101000
1000101010000000
0000100100100001
0100010001000001
0100000110010000
0010000010001100
0101000000110000
0000001001000110
0011010000000010
0101001100000000
0001100100000010
0000010001100100
0001001001010000
1000010000010010
0010000000110001
0000010001101000
1000000011000010
0010010000000011
0000100000100110
0001000100001010
0010001110000000
0100010000000101
1000000000101100
0000110000100100
0001001100001000
0100000100011000
0010010010100000
0110000010100000
1000010001000001
1010000001100000
1000001010000010
1000100100000001
0000000100011100
0101000100000010
0000011011000000
0000110000100010
0001100100001000
0001110000000100
0010000100001100
1001001010000000
0010100000000101
1000000010000011
0100100000100100
0100110010100001
1011101010000000
0100101000110010
0111110000100000
1000100010101001
0100000111100010
0001101010110000
1000101001101000
0100000011010101
0000010011010101
0001110001100100
1011010000000110
0101100011000001
1100101000001010
0100011010101000
1101000000010110
0001010100001101
0110110100000100
1000011001001100
1010110010000010
0010011011010000
1000001001110001
0111001000010010
1000100100010011
1100100000110100
1101010000010100
0010110001000110
1010000000011101
0110000001110010
0111010001100000
1010101100010000
1001011011000000
1101100000100100
0001100101010001
1100001001010010
1100100110010000
0100001101110000
1011100000001010
0100110001010001
1101100001000010
0110110010000010
0110000000101011
1101000010100001
0100000101011100
1100000001110001
0011100001000110
1110001000010100
0001100100010110
0101010110010000
1001100101000001
0011000111001000
0001100010001011
1000001111100000
0011000110001001
1101100100010000
1110100000000110
0101000011100010
0100000100101011
1000101000111000
0111000100100100
1000010100100101
1001110100010000
0100000100110011
0001001001000111
0000000111110001
1011100010001000
0110010100011000
0010001001101100
0010110001001001
0100001010011100
0001000010110110
1101000000100011
0100000000011111
1000011011001000
0000100000111011
0110010100010100
0011001001011000
0101100001100010
0001000011001110
0100010010101001
0000011010110100
1010101000001001
0010111000101000
1000011000011100
0010110001101000
0100000110011010
1011011100000000
0101100001010010
1001101000001010
0000001011010101
0010001000110110
1011100000011000
1110100010000010
0001011000111000
1000000010100111
1100010001000011
1110010100000100
0011110110000000
1101010101000000
0010100001011010
1000101011000001
0011001001010010
0000010010101110
0001010001110001
0000001000101111
1011000001100001
0100001001001110
0000010101110010
0110000011101000
0001000011011001
1010000100000111
0001111001100000
0000101010011010
1011100100001000
0001010001100101
0001110011000010
1100001101100000
0100001000111001
0110000100100011
1100000100101100
1000001111000100
0001010100010101
0100001011101000
0000010100110101
0101001000110010
0001100010100110
0101001010000110
1110010000101000
1001011100000100
0110100101001000
0010100100000111
0011001010000110
1000001101101000
1010000100100101
0011010101100000
0110011001000010
1100010011100000
1011000011100000
0000000011111100
1000000011011001
1011100000010100
1101011001000000
1000011101000001
0010000101010110
0100001010101001
0100010100001011
0001000110110001
0001000111011000
0110111001000000
0111100000100001
1000100100001110
0000100111010100
0000110000111100
1000010111001000
1010001000011010
0000100010010111
0001001011000101
0100101000010011
1010110000001001
0010110000100011
0001011100110000
0101111100000000
0011000110100100
1011110001000000
0101100010011000
0101010001010010
0001000101110001
0100010100010101
0011100000100011
1010000011100100
0100010100000111
1000001100101010
0110000010010110
0110000010011010
1110000110001000
0000100110001101
1010100100100001
0001001111000100
1100001001100010
1000111000001100
0100000010011110
1100010000110010
1000010100110001
0000001101010101
1110100000010001
0000100111000101
0000010100111100
0010011001000011
0000010101110001
0110010000010110
1010011001000100
0101000101000110
0001011000010101
0001100100101010
1100001010011000
1000101010000101
0011101010100000
1001000100111000
0101010001110101
1000100111001101
1111000000111010
0111100111000010
0110101011100100
1001010010111100
1100001011010011
0000100101101111
0101110010001101
0110011110010001
0101111100000011
1100101001011010
1110001011110000
0110100010111100
0110111001101000
0001101001101101
1010100011001110
1111000001010011
0011100100111100
0001001100111011
0101110010100110
1100110010101100
1000110010111100
0010111000010111
1010111001101000
1000101011000111
0011011110001010
1110100100100101
1101010011001010
1010100011100011
0111010110100001
1001101110100001
1101100000010111
1010010001101011
0001110001101110
0110101011000101
1110001001101100
0110111110100000
1101000101000111
1111010000100101
0100010110011110
1111100001000011
0010111011010001
0010010110011101
0100111001101010
0110010110001011
1100000111100011
1101010010100101
1011011010001100
1110110110000010
0001111001011100
0011111100000011
0100010110111010
1001000101101011
1110110110010000
1101010010111000
0001100100101111
1101110010010100
0011101011101000
0001110011010101
1010110000010111
1011010001011100
0001100101110011
1101001110100100
0101101100101010
0111000100101110
0100101110110010
0101110101100010
0011110110010010
1011001010101001
1110011001001100
0000101001111110
0001110001111001
1011010001100011
0001110010011101
0001111100010011
0010110001111010
0101001011001101
0001010110010111
1010011011100010
1011010011100100
1101101010011000
1100011000001111
0110101010111000
0001011110001110
1000110101011100
1101010111000001
1101000101111000
0100111010101010
1010001101000111
1000001111101100
0100111101000110
1110010010010110
0111110110000001
0011111000011100
1001101000001111
0001010001101111
0111000011110100
1110010110010100
1111001101010000
0010111010010110
0011011100101100
1011101000011010
1000110111100100
1010010111010100
0110000111110100
0110111001001001
0100110011011100
1000001111010101
1110010000110110
1011001011110000
0000101101110011
1011100000101110
1110110101100000
1100001001110110
0010001010111110
1010110010001011
1001000110011101
0001100100011111
1011000001101011
1001110010101100
1111000000111100
1101000110110100
0101000101110110
1011110110000001
1001101101000011
0000100111011101
0110010100111010
0100001101111010
1111000110001100
0111001000110011
0111000111101000
0000111011111000
0100111110100001
1100010010101011
0111001101001100
0101111000110001
0100011000111110
1101000000011111
1010001010101101
1100010110111000
1000001101001111
0011100011110100
0011100000111101
1001001001111010
0110110100001101
1011100110000110
0011110110000101
1110111100000100
0000111101100011
0001100101011110
0101000101011011
0101100001100111
0011010101110010
0010111011000110
0010001111101100
0111010010101010
1110110001000011
1101111001001000
1001011010101001
0000001111101101
1111010000011010
0101010110001011
0001111010101010
1011111000100010
0000111111000110
0011001010110110
0110111110001000
1110100110000011
0111101100001100
0110100100011101
0010111100001011
1100010001110110
0110100011010101
0010010110111100
1110000010011011
0110101010101010
1010111100000011
1101001100101100
1100100001110110
0010101011011100
1100100101100110
1101011001010010
0000110001011111
0000011111001110
0101111100011000
1110011010100100
1111100110001000
0110100110101010
1100110011101000
0011010011011010
1110110011001000
1101101001000110
0101000111101100
1101000010100111
1011001100111000
1100001110110100
0010111010001011
0110001010001111
1111111000000100
00000000000000000000000000000000
01000000101000000000000000000000
00100000000011000000000000000000
00000000010000000001001000000000
00100000000000000000101000000000
00101000000000000100000000000000
00001100000000000000000000100000
10000000000001000000001000000000
00000001000000000000000010000001
00000000010000000000000001010000
01000000000000000010100000000000
00000000100000100000000001000000
01000000000000000000010000100000
00100000000000000000010010000000
00000000010000000110000000000000
00000000010001000000000000000001
00010000010000100000000000000000
10000000001000001000000000000000
00001011000000000000000000000000
00001000001010000000000000000000
00010000000001000000000100000000
00000100000000010000100000000000
00000000000000000000000011000001
00000000001000000000000001001000
00000000000011000010000000000000
00000000001001000000000000010000
00100000000001000000100000000000
00010100000000000001000000000000
00000011001000000000000000000000
00000000001000000000010000000001
00000010000000100000000001000000
00000000000010000000100000100000
00000000100000010000000000000001
00000001000011000000000000000000
00000000000000010000100000000010
00000001010000010000000000000000
00000000000001000000000000011000
00000001000000100000001000000000
00000000000110100000000000000000
00000001000000001000100000000000
00000000000000000000100000010010
00000000000000000001001000000001
00000000000101010000000000000000
00000000000100000010000000001000
00000010000000000100000000100000
00000010000000000000010000000001
00000000000000000010100001000000
00000000000100000000000000001100
00000000001000000001000000100000
00010000001000000000000000001000
00000000000010001000000010000000
00000010000001000100000000000000
00000000100000000000100000000100
00000000001000000100000100000000
00000000000000001000000010000010
00000001000100000000000000000010
00000000000000000000100001000010
00001000000000100000010000000000
00000100000000010000010000000000
00000000000000000001000110000000
00100100000000000000000000010000
00000000000001000100000000100000
11000000000000000000000000000100
00000000000000010000000101000000
00000001000000000000000000000110
00000000100000000000110000000000
10000000000000000000010100000000
00000000000000100000000000110000
00000000100000000001000001000000
00000000110001000000000000000000
00000000001000001000000100000000
00000100000000000000000000101000
00000000000010000000000000100010
00001000000000000010000010000000
00000000000000001000010001000000
00000100000000001000010000000000
00001000100100000000000000000000
00000000000100000001000000001000
00000000010001001000000000000000
00000001000001000000010000000000
00000000001000000000000001000100
00000001000000000001001000000000
00010100000000000000001000000000
00000001010000000000000001000000
00000000000000001000001000000001
11000000000000000000010000000000
00000000000110000001000000000000
00000010000000000000000001010000
00101000000000000000000000000010
00000000000000000000000001001010
00000000001100000000000000001000
00000010000000000100000010000000
00000000000001000100100000000000
01010000000000000000000000000010
00100000010000001000000000000000
00000000010000000000000001001000
00000000000100100000001000000000
00001000000100000000000000000010
00000000000000000010100010000000
00000010100000000000000000000010
01000100000000000000000001000000
10100000000000001000000000000000
10000000000000010000000000000100
00000010000000001000000010000000
00000000000010000000000001000001
00000001000000100000010000000000
00000000000001000001000000010000
00000000000000100011000000000000
00000001000000000000001000000001
00000000000000000100010000000100
00000000100000000000000100000100
00000001000000001000000000000001
00000000100000010100000000000000
01000000010000000010000000000000
00001000100000000010000000000000
11000000000000000100000000000000
00000001000000000010000000000100
00000000100000000010100000000000
00000000000000000010000000001100
00000000000001000000001000100000
00000000000100000000000000100100
00010000000010010000000000000000
00000000000000000000100001000001
00001000000000100010000000000000
00001010010000000000000000000000
00000000000000000010000010000001
00100000000100000001000000000000
10000000000000000010000001000000
00000000000000000001000010100000
00000000000000100000011000000000
01000100000000000000001000000000
00000010000010000000100000000000
00000000000000100000010010000000
00000010000000000000000100001000
00000000000001000000100100000000
00000000000000000001000000100001
00100000000000000010000001000000
00100000001000000010000000000000
00000010000010000000000000000010
00000000100000000001000000010000
10100000000000000000000100000000
00000010000010000000000100000000
01000000000000000000000001010000
00001000001000100000000000000000
00100000000000000001010000000000
00000000001000000000000000011000
00000100010000000000001000000000
10000000000000000010000000000010
00010001000000010000000000000000
00001000001000000000000000010000
10000000000000100000000000001000
00000001000000000000100001000000
10010000010000000000000000000000
00000000000010000000000010100000
00000001000000000001000000000100
00000000000100000000100000000010
01000010000000000000010000000000
00000000010010000000000000000001
00000000100000000000100000100000
01000000000000000000000000001010
00000000000010000000001000000100
00100000000100000000000000100000
00000000000000000001000000010001
10000000000010000000000000100000
00010000000000110000000000000000
00100000000000000000000100010000
10000000100000001000000000000000
00000000000000000000000110001000
00100000000100000000000010000000
01000000010000000000010000000000
00000100001000000100000000000000
00000000000010000000000000010001
10000010100000000000000000000000
00000100100000000000000000100000
00000000000001000000001010000000
00100010000000010000000000000000
00000000000101000000000001000000
00000000000000000001100100000000
01000000000001000000000001000000
00000000000000100010001000000000
10000000000000100000010000000000
00000010000000000000100010000000
00100010010000000000000000000000
00000010000000000010010000000000
00000000000000000000100000000110
01000000010000000000000000100000
00001000010000000000000100000000
00001000001000000000000001000000
00000000100000000010000010000000
01000000000000001000000010000000
00000000001001000000000010000000
10000000100000100000000000000000
00000000000000010100000000000010
10000010000000000000000000010000
00001001010000100000000011000000
01010000000000010010010001000000
00100010001001000000000100000100
00001001000000000010000010010001
00000010000000011000100000010010
00000000000101000001010001100000
00100000000000000001001000110010
00100011000000010000000001001000
00110000000000010101000000100000
01010000001010000000000000100100
00100000001010000010100000000100
00000011100001100000000000010000
00000100000010010100001000001000
10000010010101000010000000000000
00000000000101001100001010000000
01010000000000101000010000000010
01000000100101001010000000000000
00100100000000000010000100100010
10001000001000000000101001000000
00000000010010000100001010001000
00000001100000010110000100000000
00010000001000101000001000001000
01000001000000100001000100000001
00010000000100001010000001001000
00000010000100100010100000000001
00010000100000111000010000000000
00110000001000000000001000011000
00100001000100000001001010000000
00001000001000000101001100000000
00100001000011000000010010000000
00000100010101000000100100000000
00010010000100000000000010000101
00010000110010000000000000011000
10000000000110000001000000110000
00000100000010000000001100011000
00001000000100100000010100000001
00000000001000010100100000001100
00001000010101001000000000100000
10000000000010100100001000100000
00000000100000000000000011001110
00010001000000100000001100100000
01000100000001000010000000000011
10000100000001010000001100000000
10000000000001000000100000010110
10001010100000000000100000000010
00100001000000100000001000110000
00100010000000000000000000111100
00000110000010011000100000000000
00000001001001010100000000100000
10000010100101000000000000010000
00011000000111000000000000000100
11000000000000000110000001001000
00100000101000010000000000001100
00000000000100000010011000010100
00100000100100000110000001000000
11001000000000010110000000000000
00001100000100001100000000010000
10000000000010100000000101000001
00010000110010000010000100000000
00001001000100000100000010010000
10000000110000000000000101001000
00000001001100000000100000000011
00000001010000010100000000100001
00100010100000000001100000000100
01000000010011000000100000001000
00010100000010000100000000011000
00000010100000010001000011000000
00001010010000010000000000100100
10000000101000000000001100000100
00001100011000000000001000010000
01010000000000000000100010100010
00000000001100100000000010001100
11000000010001010010000000000000
00000100000000010100001100100000
10010000000001000000000110000100
00010001001000000001000000001010
00101100010000110000000000000000
00001000000000010010000000010011
00000100000000000100000101000011
01010000001000000100010000000010
10000100000000000100001000100100
10010001000010010000001000000000
00010000001100000000010001000100
00010000000001111000000100000000
00010100000011100001000000000000
01000000000000000100100000110001
10000001010001000000010000000100
00000000010000001001100000001010
00000001000010010001001000000010
00001000011001000000000000010010
00000001010000000000110100010000
00000010000001001111000000000000
10000000010000000000110001000001
10000000001000000000101000011000
00010000000110100001010000000000
00100100010000000000100001000001
01010000000000000001000001000101
01100100000100000010000100000000
10010100100000000010000001000000
00000100001000100010000101000000
00010000000010000100100100000100
00000010000010000011100000000100
01000000010000000000101100000010
00111000000010000000000000100100
01000000001010100000010000100000
00010000110100000100000000010000
10000000000010000100011010000000
10000000010011000000001000000010
00100100000100000010000000000110
01010011000001000010000000000000
00101010000010000000000100001000
00100100100110010000000000000000
00100000010110000010000000010000
00000010000001010000001000000110
00100100000110000000001100000000
00000010000110000010010010000000
00000001000010000011000000101000
00000101000000001100000000011000
00000000001001110000100000001000
00000000000011000010000001100010
10000001000001000000010000000101
10011000000010000000000100010000
00000100000000001100011000010000
00001001000000000011101000000000
11001000000001000010000000000010
10100000000000000000111000100000
00100010001000000000100010100000
00111000010000100000000000000010
00001100100000011000001000000000
00000000010000110011000100000000
00010000010000000000110000110000
00000110000000101100000000001000
00010100001001000100000001000000
01000100001001001000000000000100
00000110100000100000001000100000
00100001000001001010001000000000
10000010000000010000000010010010
11000000000000000010100010010000
00010100000000101000000011000000
10010000000001001000100100000000
00000000000000100011110010000000
00000001000001000000000100100011
00000000010000000010000001100011
01000000000000010001001000010100
01100001000000100000001000001000
01010000000010000000100010000001
00000100000011001000001000001000
10010000010000001001000001000000
01100000000000000000000110011000
10000010100000000010000000100100
00000011000000000100000100011000
00010000000000100001000010100100
00001000000001000000001000101100
00000000001000011110000000000001
10000000010000101000001000001000
01000000100000010000000010000011
00000000001100000001001000101000
00000010110000100000001000000100
00000100000100000010000000110001
00001110100000000000100000001000
00010001001000100010100000000000
00000001000010000000100000001110
00000000011010100000000110000000
00000001000100000001100000011000
00001000001100000100010000010000
01001001000000000000000001100001
00010000100000000000000010000111
11110100000000000000000100000000
00000111110000000000100000000000
00000000000101001010010000000100
00001100110100010000000000000000
00000100000101000100001000000010
00000000011001000100100010000000
01010000000001001100000000000100
10000110000010000000100000000010
10000000010000011000000010000100
00010000010000011001000010000000
00000000001000011101000000100000
10000001010010010000010000000000
01000000001001000001100000000001
00000001100000100000110010000000
00010010000000100000110000001000
10001000000000011001000000000010
00101000010100010100000000000000
01000000100000000000100000011100
00010000001001000000110010000000
00000000000111000001001000000100
01000100000000000000000011100010
00000010000000000001001011010000
10000000000001000100100000000110
10000000000000010000100100000101
00100000001000000101001000000010
00000011000101000000000000011000
00000000011101000000000000010010
10110001001000000000100000000000
10101000010000000000000010000010
01000000000011000001000000110000
00000000000010100010100010000010
00000000000000011000000100001110
00001000000010110000101000000000
00001000000000110110001101010000
10011010111000000000000010001000
10000010001010110000000100100100
10100000010001000000000101000111
00001001000100001000100001100101
01001000001100000101101000000010
00010010100001001001001001000001
10010100010111000000100000100000
10000000000010001100100010100011
00010011000000000110100000001101
00100000000000010011100101110000
00100000101110000000111000001000
00101110101010000001001000000000
11000000000100100100100000101001
00001110001000001010101000001000
00011010000010000000001011010100
00101100001000011000000100110000
00010000000000000111110010000110
10010010101001000101000010000000
00000001001011001000110000101000
00000001000011001100011001000001
00001000000110000000101011001010
01101000100010000010001010000100
01001000100100000010001110000010
10010100011000010001000011000000
01110000110000000000110010010000
00100001110000010000100100101000
01011100001001000100100000001000
01100001101000101001000010000000
10000001000010001101000001001010
10001000110000000010000011000101
00010111000000110000000110010000
00001000011100001010000101000010
00010110000010100100000000000111
01010000000001000000010110110001
10000110010101000001011000000000
00111000000010101000000000001110
00010000010011000001001100101000
00110010100000100000010001001001
10100001000001000100100010001010
00001001101010001000000000110100
10110100000010110000101000000000
00111000010001000000110001001000
01000101000100100000010100110000
00001010000000110101000110000010
00011101001001000000010010000001
01000000011100001100001100001000
10001001110001100000000101000000
00011000000010001001000011001100
10100000000111001010000001000100
10100000110011000011000000000010
00000000101000101100000011100001
00101000100001001000100000011010
10110000000001001001000100100001
01011000000100100011000000010100
01000000000001100100000111001001
10010100001100000001000001001010
00100000000010100001011100000110
11001100100010000000010001000001
11000010010101000000010100001000
00000010100111000100000000010011
10001100000000010011000000010011
10000100000101100000110000100010
00010011000010010101000000100010
01000110010001000001010000011000
00101000010011001100000000100100
00010010100111000000000000100101
11010001010000101000100000100000
01000010001010100001001000010100
00011000000001000100111001000010
00000001000110000000001001011011
00100010111010000000000010001100
01100001000001100001000010001010
00100000010110000000110000011001
00000100010001001000110001100001
11100010000000000000010011010001
10001010000100000001010000001110
01101101000100000101000100000000
10010000000000101000010111010000
10000010110000101001000000100100
00110101000010000110000000100100
00100100010101011010010000000000
00010000000001010000110110110000
00010000001000001000100101101001
00000010001101010000001001010010
00000100000010100111000000001110
00010100010100011010000010000100
00001100110000010110001001000000
00100000101110001100000000100100
00110000100010001001000001011000
10101100001000000011000000100010
00100001100001010101100100000000
01110101100100000001000000000100
01000011001010001010101000000000
10000001000000011000100001011100
10001100100000000000000000011111
10100010000000000011010001001001
10000011000000010011000000001101
10000000001100000100000010001111
00010010000101010000000101010100
01100000011010000000001101001000
00001001000001010101000000001101
10010000001000000010001010011001
01000000101010010001000001100010
01000101000010001001000100100100
00000000010010100011010010100010
10000000010000001111010000110000
01001011000000010000000010110100
10001000001001100001001000001010
11000101100000001100100001000000
10010000010101110000000000010010
00001000010110000111000000100010
10001000100100010010100000000011
00000000101100000110001001010010
00001000100111000001001100000010
00100011000001010000100001100001
10000010100100000110001000011000
00101100010010010000000000110001
10101001001000000010100001000001
01001000000010010101000000010011
00000000011011110000000100000101
00000000100000000111000011110100
00001000000001100111001010010000
00000010101010001100110001000000
10001010100000100000100010010010
00010000111001000000010001000110
00000001001101000001000000101110
00100100110100100000001011000000
01000010111100100000010000010000
00000000100000110001011100001100
10000110000000000000000101111001
00110011000101000001000000010010
00010000000111001000001100011000
10000001000111000100100000100100
00010001010001000001100001001010
01001000001000010000110000010101
00110010001010000010000110000001
10010011000000111000000100010000
00000000011100001011000001001100
10100000110101000000000001010100
00100100000011000010101011000000
01000110011101100000000000000100
00100101010000000000001010101100
00101101010010010000010000010000
00000000000010100101001101101000
00101000000100010011001000001010
01100001110010000000100100010000
00000000100011010110011000010000
10010000100001000001011010100000
00010100100001000010010110010000
01110000100100000011000001100000
01011001000000011000000001110000
00001000000010110000110100010010
01001001010000100000000001101001
11000000000000010001101011000001
00011010001011100000000100001000
00001110011001001000000011000000
01000110000000100000001001011100
00010101011000001000000000100011
01110000000010100100001001000010
10100110000010101001000000001000
01001000100100010000011000010001
11000010010100010000010000010100
10010000000100001010011010100000
10001000001000100011000100010100
00110001100010100010001000000100
01000100000101010010000100001010
10000110000100001010011100000000
10100000111000110010000000000010
00000100100011100000100011000010
01000100000010001011101000001000
00000100010100010011001010000100
01001100001000001001000000011100
00001000000100100100100110101000
00101101000110001100001000000000
00000001111110000101010000000000
01000100000001001000011001011000
00000010100000000000011000111110
00001010010010010000110000010001
01100000100000111100000000000101
01101101011100000000000000000010
00010010000110000000100001001110
00001010100100100000001101010000
10100000000001000001110100001010
10001000000010010011100001001000
11001000000001100110000000010010
00100001000011101000001000000011
10000010000000101101110000100000
10001100000000000011110001000010
00000000000110011000001001101100
01001010001001001001000001000001
00100000010100010100100010000101
10000100000001000100001101000110
00001000110000100011001100100000
00011000110001010100000000010010
10001000000000001110100100100010
00001000000111001010001010000100
00000010010110110000000010000011
00001010000100101101000100001000
01010000010100000100100010100100
00101110011010000000100101010100
01101100100001000011011001001000
11100000010011001000110000011100
11000101001010010010001000110010
01000001101000101001000111101000
10101000111000011000001001100100
11010010010100011001000010001100
01001000001111000000010110100101
00001100011100011010001010110000
00100001110110010100100101000010
10000100101001011010100000010110
10011000101000000101111100000001
00010101101010101000101001010000
00010111110001010011000010010000
00001001001100111011010001000100
01100110100110011000011001000000
00000100001110010000001011010111
00001101011011000000100001100101
10100101100001000101001001100010
00100010011010010001110000100011
00110011000010001010000010110101
00000110101001101100000001000111
00110011101010001001001000001010
00001101000110010101110101000000
10010000000111010000111011100000
00001010000001101101101101100000
00001100101010001000000111101001
10010011000111000001101001100000
00100000100110110100101100001001
00000000010110000011100011011110
10001000111010010010000001011100
00100100101011000110100000101001
00011001000001010100101001001011
00000001110010100001110101010100
00010010001110100101000001110100
10000100001010011001011000100110
11001001000000110001101000001101
11000111010001001100000001010001
00100110100101100010100001001001
00000100000000010101011111110010
11000100001001001101010001000110
00001000111010000010011001100011
01100001010111101010000001000010
10101010001110000110000100000110
01000010010111101100101010000000
10111100101001010000010100000010
01111000000000001010101110110000
00001100001000000101101111011000
00110101011010000100010010100100
00001110000101010000110110001010
01011000010010100010110001110000
11000000000101010100001101100011
10111010100001000010011100010000
00001000010100010101101101001001
00111100111010100000000001100100
10100010000001100100010010001111
00001001011100011000110110000001
00001001110000100000100111110100
10000000000011101000101001010111
11110000011000001000010001101001
10001010001000110101000000010111
01000010001010011001100000111010
01000000110001110100001000101110
01100001001010101001100010001010
00100100111101101000010000010100
00010111111010010010010000000001
01000100000110011111001100000100
00110100001000011010000011110100
00110111010101001001010000000100
10100001100010011001001101000010
00010101011011000111000000010100
11000010010000000001010000111111
01100101000001010011001100110000
11000000000110010011000010101011
01010011101010000110100000100100
11101010100101000000010001001001
01101000100000100001110001110001
11011101000000000110001010011000
00010110010011110010001000100010
01100000011100000110001100010101
01010001110010101000100100100001
11000111000001001000000010100111
01110000010010001001000011110100
00010110110101101010000000011000
00011101100010110001100000100001
01100110010000110001011000110000
00011010111010001000111100000000
01000100111000100100101000111000
10110001100100000010100011100001
01010010101100010000111000000101
10101001001100001100101000010010
00001011010011000001110100001100
00001010110111000000011000001011
00111000110000100101000111001000
10000000010110011010110001001010
11001100000100010000010110110100
11100110000010001000100011101000
00000100110010001001011100011001
00000000000011100101000110110111
00101100101010000001001111000100
11100001010111110010000000000001
01000101100001000010000101011110
00101001011000101011001001010000
11000001010000011001101110000100
00001000001101100100101101010010
10011001001000010011101000000011
10101001110000000010110010001100
01000011001001011100000001001101
10010000110010110001001100101000
10100100100000100000010001111101
00101000010001001110000010111010
10100010100001001000101001001101
01001000101000010110000101101001
00101010101010100001001000001110
01010001010100110110000101000001
10010110101000000010010001010011
01101010000100101000010001001011
00001011001110111001000000001001
01000110110001010001101000001010
00110001110011000110000000011001
00000011100100011100000001011101
00010010010001111011010100000100
00000110010010100100111000100101
10010000011010000000001111000111
11100100010010011000101000100100
01100000100001101010100011010100
01010000101000000101010110101010
01000010010111100000010011011000
11000110110001000100000000010111
01000001001010111001000101100010
10000101010110100000011110000001
01100110000000001001011110010010
00010100100111000100000010110011
01000110010100001000011001100011
01000100000011011100000001101110
00011110000110011001000000101001
00101100010000101001101100100001
10000101001101000001000100111100
01100010110001010100000001101001
00010110001111100000000011101000
00001011110111101000000000001010
00100001100101000001010101101100
01010000010111011000110000000101
11011011001100101000000000010010
00001100100010100000100110111010
01101001001001000100101111000000
01001000100010111001011100100000
01101011000100010000110110000010
11010100011000110001100001001000
01100100001010010100101010100001
11001110100001100010001011000000
01010010010111100010000000110010
01110001010001000111100010010000
00110001111110110000000000001001
01010100010101001101010100000100
00010100010010000101011100000111
00100010010110100000010111100001
01101000111000100011100000010001
10111001000000010001000011101100
00010001100100001111101001001000
00011001011110011001000010010000
11010001110100001101000001100000
10110000011000000100000111011010
01100001000100110010001100110010
00001011110000000101100001011010
00010000111100001000110010010101
10100100100000101001010001001110
10001001011100000000011011010010
00001101001001000100110110010100
10001011000001000110000011001110
11000001000001001001100101110001
00101101110000001000000001111010
10001000011000001110010010010011
11010000011100000111100100100000
10111100000001000001111100001000
01010010010000001100101101100100
00101100001010001110100001100001
11010100101001010110011000000000
00100001100001101001010001100101
11100000010000000011010111000011
10110000000001010000110101010110
11000101100011001100100010000001
10100000101011100110000000101010
01100100000110110011001010100000
00011010101011000101010010100000
00001001111001010110010010000010
10001011001110000011010001010000
00010000100100110010101101000110
11101000011001000000000101100101
00000010011100100101110011001000
01000011000011001110001000011001
01100011100011000000011000101010
01100000001110010011011000010001
11000000010000000010101101111001
10101100000010010011110000011000
01010001011100110000000001100011
10001110001000000101000100011101
01000001010011110101100100001000
00001100110001111100110000001000
11010001000011110001010000010001
01010101011001111011000000101101
10010100011101001101100011110001
11111001000010100101010111110000
00111001111100000100000011011111
00001011001110100001101110110110
01000010000111100110011101111100
11011110100110110001010001010001
10001100001011100010111111011000
11111011010001100000000100111110
10110111011000100111000001100101
10001101010011100110100110010101
10110101000010011011001110100011
00001011001001101111011000110110
01111111000000001010011101010011
10001011100110110100010111011000
00000111011111100000001111100011
10001111001101001001011010011010
11001001010100011101100101110001
10100001001001110111110001011001
01010101011001101100011110000101
00001001111110100100100011101110
01101001101010000001100110110111
01011000111100101100100011100110
11001111011100100101000100110010
00110001010100101110111001010110
00101011010100111110001010100101
11100011001010001110010101010101
01011111101100001111000100000011
11010101010011111010010000011001
01010110010111010100110001001101
10011000111100100001010010111101
01101110001010110101101100100100
11001101101011010001001110000101
00111001001101001101011110001010
10110010101000010010101101111100
00111101111000100011100101001100
01110101111001000101000001110011
01010001111011100000011100101110
00011101001110101110001000101101
00101010011011011111010011000100
10000111110010001001011110010011
01110110001100101100010010110110
11011100000100101111000100110101
11101101000101110100000001011011
01000100000001110001111110111101
10000111001111100110110010001100
10001111010110110000011000011110
01011001001111111110000001001001
01000001100101110000110101011111
01101010110110001110001111000010
10001100110111110010000101100101
10011110101100110011000010110010
00111101100000001101011110100011
11001000111011101000110100001110
00000001100001011110101111011110
01111111000111011010000101000100
11011111110000000011111110000000
01101001110100001110001111010100
10010100010000100111110111100101
10111011010001111100010010010100
01110110000100101011000011110011
11111010101110001011000001001001
00111010111000111100111000100001
10010011011000111001000101110101
10001011011010110000001011111010
01110011011101010011010000100101
11001001100101110100011100110010
00011110101010001010011010011101
00110010110100110110110110100010
10101010110010010010100010111110
00100110100110011100111010010101
10000100011010011110010011110101
10101001101110111000101001010100
11100110001000100010100100111111
11001000010011101111010111001000
00010001000011010101111111100101
10100000101001011011011010101110
10100110001011011100001110010011
00010011000011001111101010110101
01000101111001001011001001111010
10111011000100100110010010101011
11000000111100101000010111011110
10001110100111101010100011010100
00101011010000011011101101011100
01101011100001100100011110100110
10111111001011101000100000100110
01101000001110001101110101101010
10110111100010110101100001101000
01111101011001000001100010110110
00110011101101011101000110001010
10001100010100110001111000111011
10001111000111110000100111100100
10001000011111011011110001101000
00001010110110010010111110101100
00100011110110110011000110000111
00011111000010110001110100101101
01010110100001011101111000011001
11011010011001110000000010111011
10101000011101110001110000110101
10101100100001010001001111110011
01110010010100101100101101100101
01011111011000000100111011001010
01011111110001011001101011000000
11001111011100101001100001110000
11101001010010101001011011010010
00100100100101111101100110110010
11010110011010001011010110110000
01110111101000011010100010001011
10111000100101110010010100111001
11000011001101000111001101010011
10101100100110111100111100000001
11001101010011101101011010100000
10111101000000010101100110101110
01001000010110100011011101010111
00101011111110100001000000110111
10011001100101001111010010011001
01100011110011010100101111100000
00001001001110111100001111010110
10010111110011000011001001010011
11010110100011000010101110001011
00010001000001001111110111011011
00101110110100100101001001111010
10110111001000101110000110010011
11011100010110001111001010100010
10010101010110111011000110110000
11011100000001100010110111000111
11111000010101010000000111101101
00100011110110110001001011111000
10000100011100010111011011110001
01111100000110000110101010100111
00100101011100011111111010000100
10010100011001000001111101011110
01011011101101001001000011101001
01000100101111001001011110010110
11100000001110000110011111100110
00001001110100011100011101110011
11010111010010000101111000100110
00011100101011110111111000001000
10101001011001101011111000011000
01100101100001101110111001010010
01000110101001100110110110001011
00101100010010000111011111110010
10111001010100100011100101101001
00100111011111100010000101011010
11101100011110110101100000010010
01001101000111011101010011001001
00111110001010011110110010100001
01100100011101000110101011010011
11110100001001000111001000111110
01111000001110100011001100101110
01101001010111100011001100101100
00110010011110111010010010100011
10110001100111001100001110011010
01110101101010111100001100001100
00001110111010010010000111111010
10000000111110010100111101110001
00101010011001000111110001010111
01101011011010011010001110000011
10000010111010110100110111100010
00010101101100101110011001010110
10010011110110001011110000001101
11111001001101000110100010011100
11100000111010100111010101000101
11010000011100100111001101101010
10100000010100010011110110111101
11100100011000101001010010011111
01101001000101101011110000011011
00010001100110101101111100001011
11010000011100101110110100011100
01010010011001010111001100100111
10101100111000111110100001100100
11000010100010101010011011111010
01011011010101010110010011010001
10101010111111000001100011001100
00110001111010110110001001010011
01010100011001110011100011001101
11011010011110001000110010011001
01011010000101000110111010101110
00111010111100111010100100100100
01010101100101100110001011011100
01000101010000110110010111010111
11101101110100101101000000101001
01010101110011100000011110101100
01000110111011001111000000110101
00011101001110000101101011111000
00011111111000110011000111010000
00000000101111101101110100111010
00111010111010010100011101100100
10010011111111101000010000010011
10101001100011011101100100101010
01011001001111111100110001010000
00101011110101000001110011101001
00111001111001001010001011101100
00101010101011110100000101100111
10111010110101110001001100001100
10000010001010011110011111101001
10100011011011101011000000100111
11100010001001001100110100101111
10010100100100111101111100001001
01101011110011100100011011000010