00
10
01
0000
0100
0010
0001
1000
0110
1100
0011
1010
00000000
00010000
00000010
00100000
01000000
00001001
00000011
01000001
01100000
01101000
00100101
00010110
01001100
01100010
10011010
01011010
00011101
01001011
10110010
0000000000000000
0001000000000000
0000000000000100
0000000001000000
1000001000010000
1000000000010010
1001000000100000
0101000000001000
0110000100000000
1000001000001001
0001101000100000
0011100000001000
0000000110000110
1100000100100000
0000000011111001
0000100010011011
1011001001010000
1000100110001001
0010010001010101
0000110111100110
0110111010100010
1010101011010100
1000111010010011
1110100100100011
00000000000000000000000000000000
00001010000000000000100000000000
01000000000001000000000000100000
00000010001000000000010000000000
00000000000000000001100100000000
01000000000000100000000000001000
10000010000001001100000000100000
00100100010110000001000000000000
00000101100100000000101000000000
00000000100000000010001000100011
10000000000100010000100000011000
00000101000001000110000110010001
00000110010100000111000001010000
10001000010010101000001010010000
00100100000000110000011001000011
01100100010100001000000000110010
00101011010110001101010000001000
00100101000000000100111000011111
01111000001000100101100100000101
11001100000000011100100001010110
10110101000011011010000000000011
01100100101110100001100010101111
10001110001110011000111110000011
00110110011010001101110001010011
11001110001100011110101001001010
10100100011010010001000111011111