00
01
10
0000
1000
0001
0010
0100
0101
0110
1001
0011
00000000
00010000
01000000
00000100
00110000
10100000
11000000
01001000
01010001
10100001
10010010
00001110
11000100
00111001
11110000
11001100
00111010
10011001
0000000000000000
0000000000100000
0000000000000001
0100000000000000
0010000000000000
1001000000000100
0001000100100000
1000100000000010
0000010000100001
0000001010000010
0000000010101001
1001010000010000
1000001100100000
0000001010100001
0000011000010100
0100001010100011
0111001001100000
1010001000010110
1101001011000000
0101000111001000
1111010000011010
0001110001110101
1100101001011100
0001011001011101
1001001100101101