00
01
10
0000
0001
0100
0010
1000
0110
0101
1100
0011
1001
1010
00000000
00000010
00001000
00000001
10000000
00010000
00000100
01000000
00100000
10100000
01100000
10000010
00100100
01001000
00110000
00100010
01000001
00010010
11000000
00000101
01010000
00001010
00101000
00011000
00001001
10001000
00010100
00010001
01000100
00100001
00000011
10010000
10000100
01000010
00001100
10000001
00000110
00000111
01000011
11000001
00111000
10010001
10100100
00011100
00110010
00110100
01001001
00100110
10001001
00001101
00110001
10000110
10001100
10100010
00011001
10110000
11010000
11001000
00101010
00100011
10010010
01010100
11100000
00101001
00011010
00001011
00010011
01010001
00100101
01001100
00010101
01110000
01000110
00001110
01101000
11000100
01100100
01010010
10101000
10010100
10011000
01001010
00101100
10000011
11000010
10001010
10000101
10100001
01000101
01100001
01100010
01101010
11001010
10011001
10110001
01100110
11011000
10100101
10010110
01001101
00111001
00011101
00101110
01100101
11010100
11000101
01011010
00010111
10100011
10011100
11001001
00111100
01111000
01100011
11100010
01101100
10010101
10001101
10001110
00011110
00011011
11010001
11100001
00110110
10101010
00110011
11000011
00101101
10111000
01110100
01101001
01010110
10011010
01001110
11001100
11100100
11101000
11000110
01000111
10101001
11110000
10100110
00001111
01110010
10110010
01010011
10101100
00100111
00101011
01110001
00111010
01011100
10000111
01011001
01010101
10010011
0000000000000000
0100000000000000
0000000000010000
0000000000000100
0000000000001000
0000000000000010
0010000000000000
0001000000000000
0000000010000000
1000000000000000
0000000100000000
0000000000100000
0000010000000000
0000100000000000
0000000000000001
0000001000000000
0000000001000000
0100010000010000
1010000010000000
0100010000000100
0000011000000010
0000101000001000
0000010100010000
0010100000000100
0101100000000000
0110000010000000
0000001100010000
0110001000000000
1001000010000000
0001000000010010
0000000100001010
0001000000010001
0010000100000010
0000000010100100
0001010100000000
0001010001000000
1100000000000100
0000010010010000
0010000000101000
0100010000001000
0000011010000000
0001000010001000
0100000001000010
0110000000000010
0000100000001001
1000000000001100
0000110000001000
0100010000100000
0000010101000000
0000010000101000
1001000000000010
0001010000000001
0000000100001001
1000010100000000
0100000000000011
0000010000010010
0010010000000100
0100011000000000
0000000110001000
0010000100000001
0010000000100100
1000100000000010
0000010000011000
0010010100000000
0000101000000001
0000000001101000
0001000011000000
0000010010000001
0110000000010000
0010010000100000
1010000100000000
0101000000000100
0000010010100000
0000000000100011
0000001000100100
0100000010001000
1101000000000000
0100101000000000
0001000001000010
0100001001000000
0010000000010001
0010100010000000
0000001000100010
0000001010001000
0100001000001000
0001000010000100
0000000101000010
0010000100001000
0000000011000100
1000001000010000
0000000100011000
0000000100000110
0001000000011000
1000000011000000
1000001000100000
0000001110000000
1000000000000011
1000000000101000
0000010100000010
1000010001000000
0010011000000000
0000000010001001
1100000001000000
0000001010010000
0010001000000100
0001000000100010
1000100000100000
0010010001000000
0000000001100001
0100000010000100
1010000000001000
0001010000000100
0011000000000001
0000010010000010
1000100001000000
0000110001000000
0000010001001000
0100000000101000
0000010000001001
0001101000000000
0010000000000110
1000010010000000
0000001000000110
1010001000000000
0100100100000000
0010001010000000
0110100000000000
0000000001000101
0000000110000100
0000011000001000
0000000100101000
1100000000100000
0100000000011000
1000100100000000
1000001000000001
0001100000001000
0000100000010010
0000000000110001
0001000001010000
0000000001011000
0010001000010000
0000000010001100
0101001000000000
0000000010001010
0100100001000000
0000000000001101
0001100000100000
0100000001000001
1000000001000100
0000000100000011
0100000000000110
0000010000100010
0000000101000100
0010100000010000
1001001000000000
0000100001100000
1000001010000000
1010000000100000
0000100000110000
0010000000100010
0000000010000101
0000000000011001
0100000101000000
1000000000011000
0000000100010010
0000100101000000
0000000010100001
0000100010100000
1000000001001000
0001000000001010
0000001010000100
0010110000000000
1000000000010010
0010001000000010
0010010010000000
0000001010000010
0000100010000100
0000000011010000
0100010100000000
0101000000010000
0100101000000010
1001010000000100
1000000010000011
0000101000110000
0001000100010010
1100010000100000
0000011001001000
0001001010000010
0000011010000001
0000101010000001
0010001100001000
0000100110010000
1001100000100000
0010110000001000
0101010000100000
1100000000000011
0010001010000010
0000010000011010
0001000100000011
1000100010000010
0001001001000001
0101001000100000
0000000110010010
0010000010000011
0000101010000010
0000000100110001
0010000010000101
0000000011100001
1000000100101000
0001001000000101
1000000000110010
1010000010000001
0101000000010010
0100000000000111
0000111000010000
0000000101001100
0000100100001010
1000110000010000
1100000010000010
0101000110000000
0011010010000000
0110100000000010
1100100000000001
0000010010000101
0000000100011001
0001100000001100
0101010000000001
1000010010000010
1000100000110000
0000110100100000
0000010010101000
0101000000100001
0000010010001100
0001011000001000
1000010011000000
0000110000100010
0000110001000100
1000010000110000
0000000100110100
0100000100001001
0000101000011000
0000101010000100
0001100010010000
0110110000000000
0000010100010001
0000010001001001
0000010010000110
1110010000000000
0010100100010000
0110000100000010
0001000100100001
0100001000010100
0100100000101000
0100000100001010
0001000011000010
0010000000011001
0001001010000100
0010001100000100
1001100000000100
0001100000010100
0000000110001001
0100001110000000
1001000000011000
0001001011000000
1010100000001000
0001001001100000
1010000001100000
1001010000100000
0010010001000100
1010010000000010
1000100010000100
0010010110000000
0011000010000010
0001010100000010
0100000000011100
0001001000000110
0000000010001101
0010001000001100
0010000001100001
0010000010101000
1110000000010000
0011010000000100
0001000110001000
0100001000000011
0000000010101010
0101001010000000
0000001010000101
0101000100000001
0110001000100000
0001001110000000
0000000110010001
0010100000100010
0010001110000000
1000001001001000
0010001000101000
0101000010000001
0100001100001000
1001000000001010
0010000011000001
1010000101000000
0100000101000010
0101000000001010
1000100100000010
0000000110100001
0100100001100000
1000000100010100
1010010001000000
0000010101000100
0000100000101001
0001110000000100
0010000000011100
0100000011001000
0100001001000001
0000100010110000
0000010001010001
0000011001100000
0000100000110100
0100010000110000
1000100001001000
1000000000100011
0000100000100011
1000000110001000
1100001000000100
0001100000100100
1100000001000010
0000001010101000
0000100000101100
1010000001010000
0100010001000001
1001000100000001
0100000110000100
0000001100001010
0100010000001001
1001011000000000
1001000010001000
0000010010010100
0101101000000000
0001000001110000
1100000100000001
0000000010011100
0001101100000000
1110000000000010
1000000010011000
0110100010000000
0000001100000011
1000010001000001
0000010001011000
0000100100100010
0000000111000010
0100101001000000
1001100010000000
0000011010000010
0000001000100110
0000000110101000
0001010100000001
0000011011000000
0100000100000101
1000000000100110
0100110000001000
0001000010000101
0100000100011000
0111000000000010
0000001000111000
0001000010001010
1001000010100000
0010010010000001
0001110001000000
0000100011001000
0010000101010000
0110010000010000
0100011000001000
1001000100000010
0010011010001001
0000101011000110
0100111011000000
0100101001100001
0100100000101110
1010100100011000
0001010001101010
0101010100010001
0100110110000100
0010001010001101
0000100010010111
1001100000010011
0010100101011000
1000010100010110
1001001001011000
0000001111110000
1101000000000111
0000010011001110
0011010010000110
0010011001001001
0010000010111010
0100100000111001
0101100100000011
0010111011000000
0010010000010111
0010101000010110
0011000010101100
0100101100011000
0000111000001011
0110110000100100
1010111100000000
1101010100000010
0000110001001011
0010010110001001
0010101010000011
0101111001000000
1000110000001110
0111000010000011
1000100010101001
0101001010100100
0010101100001100
0001001000110101
0011000110010100
0011011100100000
0001000010111001
0000101010010110
0000101010100110
0010010101100010
1100011000101000
0000101000111001
1111010010000000
1110000010100100
0111001101000000
0011101000001010
0000010111100010
0010001100000111
0011000011000011
1001001000011010
0000011111000001
1101000001010001
1101000100001100
0110100001010100
0001101001010010
1011101001000000
0000011000101101
0010000111001001
0001100110000101
1110010100100000
0111000011100000
0100000011100101
1111000010000001
0000100001101110
0011010100100001
1011000010101000
0010101100000011
0010001110001001
1110001000001010
0010001110010001
1000100011110000
0000111101100000
0100001100011100
0010001001100011
1001111001000000
0110000001100011
0001011000010101
1010001110001000
0110000010011100
0011001111000000
0111001100000100
1100001010110000
1100010000001011
0010111000011000
0110010010000110
0000110110001010
0100010001010110
0100000010100111
0001000110110010
0000011000111010
1101010010000010
0000111010101000
0000111101000010
1101100010010000
1010010001100001
1000001110000110
0100111110000000
0010001010101010
1100100010000101
0100011100001001
1001110100100000
1001110010001000
1100000100100110
0000111011000001
1001100001001010
0000110001111000
0100101001000101
0100010000101101
0000110000001111
0000100111100001
0000011010110001
1100010101000001
0001110000110001
0010101000100101
0010111110000000
1011100000010010
0101000101000011
1110000100100100
0100110011000100
0000110111000100
0001101001101000
0001010010110001
0110000010011001
0101111010000000
0010110100001001
0001110011010000
1001001001000110
0001010101000110
0001100101001010
0000111000100101
1100010000101100
1100100000101010
0010010101010100
0010001001101010
1001000101011000
0010011001101000
1000011001010100
0100101101000010
1011110000100000
0100001010011100
0101000110001010
1000011001000110
1110001000100100
0000010010111100
0101000100010101
1100110000100001
1000010000111010
1000100100101010
0101000100110100
0010001100010110
0011000011100100
0010011100000101
0111001010001000
0010101100101000
0000101010011100
0011011010000100
1110000001000011
1001000101010010
1010100001100010
1001100000000111
0111100000010010
1010001100001100
0000111101010000
0010110101100000
1001100001000110
0111000100010100
1000011101100000
1010100101001000
0000101100011001
0100100000111100
0100001100011001
1010101010000100
0000010100111001
0100100101011000
0010000101011010
1011010010000010
1011000100011000
0010000010011101
0000100011011001
0010111001000010
0110011010001000
0101000001110010
0100100001110100
1010000000100111
0000000010111110
0010101010100001
0010010010010110
0010000001111100
1100001001001001
0000111000011001
0100111001001011
0111001000111100
1001100011100011
1000110110100110
0101101101100010
0011001110001011
1110101111000000
1100111010010010
0111011101000100
1011011110000001
0010101011100011
0100111010010110
0000111101101001
0100111101110000
1001001100011101
0010000111100111
0111110100000110
0110101001110001
0011011100101010
0000101110111100
0101000111101010
1001011101000011
1001011100110001
0101101001110001
1110101000001110
0001100011011101
0101100001110101
0001101011001110
0010110111100001
1100011110100010
0111101000110001
1000101001101110
1110110001001010
0001111101101000
0100010001101111
0000111101001101
1001111000010011
0001010110111010
1101001011010100
0010111101000101
0011000100110111
1110000100011110
0100011100111010
1001010011001011
0100011001110101
1000111010100101
1101100101010100
0010110101010101
1111100010010001
0111001100110001
1001110001010110
1000111001010011
1010100110010011
1100111100000110
1000110101101010
1111001000100110
0011101100100110
0101011001110001
0101110001010110
1001010110100101
0010100110110101
0000011110110101
0010101001001111
0010011100101011
0101101101010100
1010010010011110
0111110001101000
1000001111110100
0010011110001110
1000011100111010
1000011111100100
0101110100001101
1110011001011000
1110000110100110
0110111000101010
0100100011110011
0011001011110010
0000101111100110
1110101100110000
0010111001010011
1010110011100001
1001100110010110
1001001100101110
1111000110101000
1010011001010101
1110111000100100
1101000100001111
0011111000011100
0101000111110010
1111000010101100
0110110001101001
1101101000100101
1011010001100101
1111001000011010
1101100011010001
1110001010010101
0111100100111000
1110011010101000
0010001011111001
0001101110011010
1101110000000111
0001001101101110
1101000110101001
1101111010010000
0010001010101111
0011010101001101
1100001110011001
0011110000010111
1110110000101100
0100100110011110
1011010101100010
1011010001011100
0011001010001111
0011110010110001
1011011101100000
0110110001100101
0110101110010100
1011101101100000
0101110001000111
0010110001011011
1100010001100111
0100101010101101
1001011010101001
0010111000100111
1010011011011000
1110100100010101
1011000011010110
0110110000010111
1000110101001101
0110011001011100
1001011100110010
1001110101000011
1101001001011100
0111010101011000
1101010101110000
0111100011100010
1111001000111000
1010011010000111
0000111110010101
1000001101011101
0111001001101010
1100101010110010
1111000100010101
0011100101101010
1100011010110100
1110010000110101
1100110011001010
0001011110001011
1001111001100001
1110000001100111
0010011101101100
0110001010010111
1011111100000100
0100100011001111
0110001000111011
0000110110101110
0101011011010010
1000111010000111
1011000000011111
1010111000100011
1110010101001010
1000011101001101
1101011010000101
0111010001110001
1100011101100010
0100111000011110
1110001011000110
1101110101000001
0101110110010100
0000001101011111
1010101101001010
0001101111001100
1100010111010001
0100010101001111
0101100001011110
0010110100101011
0100100101111100
0100110001111001
0001010011011101
0101100001101101
0010110111100100
1100110000111100
1101100101100010
0101101111000001
1010110001111000
1100110011010010
1101001000011110
1001011110001001
1001010011010110
1100100000101111
0011101111000100
0100100100011111
0011101001011100
0111001010101001
1101110100001010
1010110101001001
1110000111010010
0010001111001101
00000000000000000000000000000000
00000000100000000010000010000000
00000000001100000000000000100000
00000001000000000000001000010000
00010000100000000000001000000000
00000000000010000011000000000000
00000000000011000000000000000010
00000101000010000000000000000000
00000001100000000000000000000100
00000010001000000010000000000000
00000000001000000100000010000000
00100000000000000001000001000000
00000110000000000000000010000000
00000000010000000010000000001000
10000000000000000010000000001000
10000100000000000000001000000000
00000110000000000010000000000000
00000100000000000000100000000100
00100000000000000000000001100000
00000001100000000001000000000000
00000001010100000000000000000000
00000010000000000100000000000010
00010000000000101000000000000000
10000000000000100000010000000000
00000100000000000100000000000010
00001000000000000010100000000000
00000100000000001000000000010000
01000000000000000000000000000011
00000000000000100000000000001010
00000110000000000000000000100000
10000000000000000000110000000000
10000000001000001000000000000000
00000000000010010000000000000100
00000000000000000100000000101000
00100000000000000010000000000001
00000010000000000000000100001000
10000100000000010000000000000000
01000000000000000000000000010100
00000001000000000000100000000100
00100000000010000000100000000000
00000000100000010000100000000000
01010000000010000000000000000000
00000000000000000010100001000000
00000000000000010010000000000001
00000110100000000000000000000000
00000000010001000010000000000000
00000010000000001000000000000001
01000000000001000010000000000000
00001000000000000000000001000100
00000010000000000000100000000100
01000000000101000000000000000000
00000000000000000001000110000000
00000000000010000000000000100010
00000000000001100000000000100000
00001000000000100000100000000000
00000000100100000000001000000000
10100000000000000000100000000000
00000000100000000001000000000001
00010000000000000000010000000010
00000100000010000000000000000010
00100000000000100001000000000000
00000000010000000000010001000000
11000000000000000001000000000000
10000100100000000000000000000000
00010000000001000000000010000000
00000010000000000000100000000010
00100000000000100000000000000001
00000000000000000101010000000000
00000001000100000100000000000000
00000010000000000000011000000000
00010000010010000000000000000000
10000000000000000000000100100000
10000000010000000010000000000000
00010000001000000000000100000000
00000000001000000010100000000000
00000000000100110000000000000000
00000000000000000000011000001000
00001000000100000010000000000000
00100000000000000000000100001000
00000100000000000100001000000000
01000000000100000000000000100000
01000000001000000000000000010000
00000000000000101000000000000010
10010000000000000000000000000100
10000001000000000000001000000000
10000000001000000000100000000000
00000000001000000000000000001010
00100000010000000000010000000000
00000000010000000000000011000000
00000010010000000000010000000000
00101001000000000000000000000000
01000010010000000000000000000000
00000000100010000000000001000000
00000000000100000000000101000000
00000000000000000000010100000001
01000000000000000100000000000100
00000000000001000000010000000001
10000001000000000000100000000000
00000001110000000000000000000000
00000000100000000000000000000110
00010001000000000000000001000000
00000000001010000000000010000000
00000000000000100100000000000001
00100000000000100000000000010000
00000001000010000000000000100000
00000000000000010001000000010000
00000000100000000000000001001000
00000100010000100000000000000000
00000000010100000000000000000001
00000001000000000000100000001000
01000001010000000000000000000000
00000000000100010100000000000000
00000000000000000000001100000001
00000000000010000000000000001001
00010000000000000000010010000000
00000000000000100000000001000001
00000110001000000000000000000000
00000000000000000000000000011010
00000100000010000000000000100000
00000001010010000000000000000000
00000000000000000000010000000101
00000000001010000000000100000000
00001000000000000000000100001000
00000000000000001000001000000010
00010000000000000000000001000010
00000000000000000010000001000100
00000100000000010100000000000000
10000100000000000000010000000000
00001100000000000000000000000001
10000010000100000000000000000000
01000000010000000000000001000000
00000000000000010100000010000000
00000000000100000000000000000110
00000010000000000001010000000000
10000000000000001001000000000000
00010100000000000000100000000000
01000000000000000000000001000010
00000000000100100000000000001000
00000010000000000000000100000001
10000000000000000100000000000010
00001000000010000000100000000000
01100000000000100000000000000000
00000000000000000000000000001110
00000000000000110000100000000000
00001000100000000010000000000000
00000000001000000001000000010000
00000010000000001000001000000000
00111000000000000000000000000000
00001110000000000000000000000000
00000000000000001000000000100001
01000000000000000010000000100000
00000000000000000001000000101000
10000000000000100000001000000000
01100000000100000000000000000000
00000000010100000000001000000000
10000000000011000000000000000000
10000000000000000010000000100000
01000001000000000000010000000000
00000000001010000000000000100000
00000000000000010000001100000000
00000000000010001000001000000000
01000000001000000000000100000000
01000001001000000000000000000000
00000000010000000010010000000000
01000000000000101000000000000000
00000000000000000000001001000010
00010000000000000000000100000001
00000010000000000000001100000000
00000000000100000000001000001000
00000001000010000000000010000000
00000000000000000000000000101001
00000100000000010000000000001000
00000000000000001000000001001000
00010000000000000000000100010000
00000000001100000000000000000010
01000000010000000000010000000000
00000000010000000000000100001000
00010001000000000000000000000010
00000000000010100000000000000010
00000000100000001000000000000010
00000000000010000000000000010100
00001000000000101000000000000000
00000000000000000000100100000100
00000000010000000100000010000000
00100000000000000100000000000100
10100000000000000000000000100000
00000000100001000000010000000000
00010000000000100100000000000000
00000010000001010000000000000000
00010000000001000000000000010000
01000000000010000000000001000000
00000000000100000000001000100000
01000000000000000000001000000100
00000100000000000010001000000000
00010010000000000000001000000000
00010000000100000100000000000000
00000000000000001001000000010000
00000000000010000000100000000010
00000000001000000001100000000000
00100010000000001000000000000000
00100001000000000000100000000111
00100100000000000100100001001000
00000000100000010100100000010100
00101010000000000000000010001010
01010000001000000000100100010000
00010000000010000010001010000001
00000100000000010000000010010101
01100000000100010000000101000000
01000000001000010001001000001000
01001010000001000100000001000000
01100001000000000000000111000000
00000000011010000000010000101000
00001010000001000000000001100010
00001000000100000001000000010110
00001100010010000100001000000000
00001100000000010000011001000000
01100000000100001000100000000100
00011000000000010100100000001000
11000000000010010000010000100000
00001100001000001000001001000000
01010000000001010000010000010000
00011010000000011000000000010000
10001000000000101100000000000001
00000010100000011000100000000001
00000100000000011000001100000100
10000000010000001000100000011000
00000100000000010010000000110100
00100001001001000000000010000001
00000100101000100000001000010000
01000110001100000100000000000000
10100000000000000110100000010000
01000000000100100010001000000010
00001000000001000000001010001010
00001000101010000000000000001100
10011000100000000000000100000001
00000011010000011000000000100000
00010001011000000000000000010001
10000010000000100000101000010000
00000000100000111000010010000000
01110001010000000000000010000000
10000000100010000000001000101000
00001000000000001100010010000010
10001000000000000000010010100010
01000000000100100000010001000010
00000100000000000110000100011000
00000001100010000001000110000000
10000000010010000000000001100001
00100010001000011000000000000100
00000001100100010000000000100100
00000000101000100000100110000000
01000000000100000000000011110000
00000100001100010000000000000110
00000000010001010000010000101000
00000110000010000001000000001010
00000010100011001000000001000000
00001000001100000100010100000000
11000000010000000000000110010000
10000001000101000000000000010010
00000000100000001000011000010010
01010000000000100100100000100000
00000000000000011110001100000000
00101000100000010000100000000010
00001000100000000000001110000010
00000001000000100110001000000010
00000100001001000000100000101000
00000000100000101010100000100000
01000000010110001000000000000100
00000000000000110000100101000100
00010100000000000000101000001100
00001100110000000000000110000000
00000010000000101000101000000001
00000000000000000001011100101000
00000001000101001000001000000001
00001000001010000100010000100000
00001010010001001000100000000000
00110000010000010100001000000000
01000000001010100010000000000001
10000110000000000100011000000000
01000010100000000011001000000000
01010010000010000000000000100010
00000000010000110000010000000110
00000000010000010010000010001001
10000100000001001000100000100000
00000010000001000011100000000010
00000110000001001000001001000000
00010000001000000011001000010000
00010000100011000001000000000100
10000000100100000010001000100000
01100000000000000001000011000001
00100000010010001000000010010000
01000010010100000000000000000110
00000110000000000000100001101000
01000001000001010100000000000001
00100100000000010001000010010000
10000001000000010010001001000000
00000111100000000010000000000100
01010000000000011000000000001001
00000010000100100000010001000100
01000000000000110000001001001000
00100000010101000100000001000000
00100100000100010100000001000000
01100000001010000000010010000000
00010000010010000100000010001000
11010000000000000000101001000000
00000000011000000011000001000001
00011000010000000010001000000010
10000000001001000000010000100001
00100000000001100100001000010000
01001001001001000000000001000000
01000011000000010010000000000100
01110000000000000000010000010001
00000000000000000110000110001100
01100000010000100000000001001000
00110001101000000000000010000000
00010000000111000000000000001010
10100000000000000100100000100100
01000000111001000100000000000000
00000001010110000100000000001000
01000010000000101000000100100000
01000000000000100011000000001010
00001000100001000001000000010100
00010101000000010011000000000000
00001000010000000010100011000000
00001000100000000001000110010000
00010000000010100010000000010010
00000001001010001000100000100000
01000100000010000001000101000000
00000100100000010100010010000000
00101000001001001000000100000000
00000010000001101000001000001000
00110000010100000000100000000100
00000010110010000000010000000010
10010001000010000000000000011000
00000000000010000000100001001101
00101001000000110000000000001000
00010000100100110010000000000000
00000001000100100010000000000101
01000000010001000000100000101000
00000010000000100000000100011010
00000000000000010100100100000110
01000000100000000000000010001011
00000000010100010000000001000110
01001000000001000010001100000000
00001000000010000110000001100000
00000100000000101110000000000010
01001000000010000010000001010000
00001000000100000010000001010100
00010000000000000100111000000100
00000010000000101100101000000000
00000100110000000100000000100010
10100000001000001000010010000000
00000011001100000000000000010001
00010000001000001000000010001001
00010000000000001000001001001001
00100000010000010000000110001000
01000000000000011000000001000101
00001001000000010000000000101010
00000110101000100000000000000010
00001001000000000100010000010001
00000100100000110000100000000100
00000100000000000000100000110110
00000000000011000001000000111000
00100001000100000000010000000101
10100000001000000000001000010010
00000000000010000010100110010000
00000000010000000001010101000100
01000010100000000010000000100100
01000000001000000011000000101000
10101000000000100000000001000010
11000000000010000000010100010000
01011100000000001000000000000010
11100000000100010000000000100000
00001000000000010000110001000010
00001010000010001000000011000000
00000001000000000000111000001100
00000010000000000010011000001100
00010000000010000100011000000100
00101000000010000000100000100010
00000000100100000000100101000001
10000010000000000001000000011010
00000100011000000000100001100000
00000000001010010000000000011100
00110000000011000110000000000000
00000100000010000110001000000001
01100000100000010000000010010000
00001001000001001010000000010000
10000010000000010100110000000000
01000010000011010000010000000000
10000000000010000001100001001000
01010000000001000000010001000010
00011000000000000010010100010000
00100001001101000000000000001000
00100000000000110100000001010000
00000000010000010110000010000001
00000001011000010000001001000000
00101000000001100000000100010000
00000000000000100010010001100001
10010000001000000000010010100000
01000001001000000000010000001001
00000000000001001010100100001000
00000000010000100100101000110110
00110010000000000100100000001111
00100110000011010000010001000010
00011000000000000001001010101110
10010110001000001010001000000001
01001101000010100001010000001000
01101001101000000000010001000010
00000000101010001000011000000111
10100010000011110010001000000000
00000000010001100011000010110001
10010000010100000000010001110100
01000100000100000010000100111001
00100100001001100000100000011001
10001011000000000000100100110100
00000100001100101010000001001001
00100101100100100000000000110001
00001100100001001010001100000010
00010010010000010111010000000100
00000000000000110100110011000101
00100100001000100011000100011000
00000010000100110100000101010010
00010011001010000010000100010010
11001101001000100000100100000000
00101011000101100000000000011000
10001001000010011000000100000101
00010000011000000001110011000100
10001101110000000000110000100000
00001000000001100000111001100010
11100000000100000010110100000010
01000011000100001000110010010000
00001101000000000010110000001110
10100010000011000001010010100000
10101100000001000011010000010000
00110001001010100001000100010000
01010000011000010000100010100010
00000001000000110000101101001010
00100100100100101111000000000000
10000000010000000101000110100011
10000101000100000000010000011110
00001110000110000101000100000100
00000001000000110000000101001111
00100001001000101011000101000000
00000110001100001001000001010001
00001100001011000000011000100010
00001000100000000000101101101100
01100001000100110001000011000000
00000100000011001100010001010010
01100001000001100001000101100000
00011000100000011001000000010011
00001100001111001000010000000100
10000100001010000001000110001100
01001010000011100110100000000000
00010000010000000100000011101101
10000010001001001110000011000000
01101000000001100110000000010100
00001100000100101000100011000001
01000010011000010000000111100000
10001101100100011010000000000000
01000000000110000010010100100110
00001001000010010001110011000000
10000000001100000000010110000111
00001100000011000001101101000000
01000000000010101010100000010011
10001011000001000011000010000100
00010001010000101001001000011000
00010010001100000010010010110000
01100111000001000011000000000001
01100000101000001000100000011010
10100001001000100100011100000000
00000011101110100000000100000001
10001000011000001000110101000000
01001000000010010111000001000010
00000000110001110001001001000100
10101000000001100100010100001000
00100010101101000010000000100010
10100100000001100001001100010000
00000100000011000000100110110010
00000001000101000001010111000100
01000101010000100010010010100000
01000100000000011000000101110001
01000000100000101011000011001000
01100001100100000000000101000011
00110000000010001100010000110001
00111100010000100000101010000000
00000010101001000011001000101000
01110100000000000000110001000101
00001000100111001100000010001000
00001100100111001110000000000000
00000101010100100000101010010000
01001010000000101000011010000001
00100000010000110000101110000100
01000110100100001100010000100000
00110001101000000100010000101000
00110000101000101100100000010000
01011000011000000101000010000100
10101000000110000000100000010011
10000100000010001001100110100000
01001100000110100000000100001010
00010000111010000000000110000110
00100010010010100000000000011110
00000000001100110001100100010010
00000100100000110000000011000111
10001001010100000000010001010001
00011100100000000001010000010011
11001101000000100000001011000000
00000100010111001110000010000000
01001000110000000100110000011000
00001010000010000000010110010101
00001101001000011001001100000000
00000000001100110000111001001000
00000001001100000100001010100101
11000010001000011100010100000000
00110001001100000000000100001011
01000000101110010000000001001100
00110000101000010100010000000101
01000001100100100011000010100000
11010100000100100000001000101000
01001001000000000100000011101010
00001100001000010000000111010100
10110000100000000010110010100000
01010000000000000101100001001011
10101001011100001000001000000000
01001101001000000010001000100100
00000100100110000100000110101000
01001011010000000010110000000100
00100000010010101011100000100000
00001110000000010100010100101000
00110000100000000011001010110000
10100100100000100101000100001000
00100001000010000101001001000101
10000100000000110111100010000000
01010000101010000000101000001001
11000000010000100100011000101000
10001001100011000000000100010001
00000000110000100001000011000111
10000000101100100100101000000100
10010010001000000001010101010000
11000010001100000001001000010010
00000010010101010011010000100000
10001010100000000010100010000011
00110011100000001110001000000000
00101000100000111000100001000001
00100011101001100000000100000010
00010000001001100100100000010110
10010000000000100101000011010010
00110000000001101000000110001001
00000101001000110010000011100000
00010000010100010000001001100110
00010001001100011110000010000000
00010100000100111001010000000001
11000000000101000011000010100010
00100001001001000001110000110000
00000101010000000101010101000100
00000101000110000000101111000000
00010000000001011100100010100100
00011010010101010000000000100001
00000000110001001010000010001110
00100001100000111001000000000110
01100000000001100000000110000111
10011001000000001001100000001001
11100010010000010000000010010100
00000000000001010000000011110111
10100000001010010110011000000000
00100000010001010010101001010000
10000001011100100000001000010100
01000000000000010110001001111000
11011000100010000000000110000001
00100100111110000000000001100000
10000000111101100000000010000100
01010010000010000010100100101000
00011100001010000101100000010000
00100100000101110000001000000101
00100100010001000001000100101010
00100101000000101100000100000101
10000000000011000000001100101110
10010011001100010010100000000000
00100000100010100101001110000000
10101001011000000000100010001000
11001010100000000010001110000000
00000000000100111010101001000001
00001110101000000001001100001000
00101000100001000010000111001000
01000001001101000100011000100000
01000001001000011010000011000100
10100000101000001010011010000000
00010101100010100101000100000000
01000000001110110000110000000001
00100010000001000011100100001010
00000001100001001001000001010101
00000000000110100101001100000011
00010011101000100001010000000010
01000000001000011000110000001011
00010100000010000100001010011010
01000110001000000101100000000101
10001100000000100011000101000010
01110010001000000000010010001001
00010100111010100100010000000000
01001100100110000010000000100100
00010100010011100010000010100000
00000110000100010000100100100011
00001010011111010010100010010000
00101001000101001011001010100010
00000110000010010010011101011100
00110001010001101000001011101000
00001001000001110011001001110001
10100001001010010110100101000001
11100000001000000101011000101011
10101011100000010100100000011001
01000010100000010101101001011100
10010000111011011001010000000001
11000001000001101100001100011100
10100100011100110000101100000100
11000110000001010010010000011011
00001000000111011101001000011010
01110100000000100100011001100110
01100111100010010110100001000000
10011000100001100110010000011001
01011010101010010000000110010100
10010001101001010100000110100010
10100000000001000001101110101011
00010001101110110011000000000110
01011011000110000100010001000101
00001111100001010000101110001000
10101000010000111110000001001001
00110000000110000100110011110010
01100100010010110001010001001010
10010000100110101010110010000100
10001010000001000010010011001111
10001100010011010000100011001100
00101010110100001100100010011000
11100101100000001000010001100011
11100011010000110010000110001000
10001110001100001110000110000100
10100100000001010101111000001001
00100101110000010001011000110010
00011000101001000011011100000101
00000111010011000100000100001111
00011000010010010011010011001010
10010000011011010010000011001100
00000011000000010001100111101110
11011000010010110000100100010010
00001110101011000000010010001110
01001100001000110100100101010100
01110111100011100010000100000000
00000100111100001011001010101000
01000111100000000101001101100100
10110001100110100000001000101100
00010010100100101011100001101000
00010000000100110110001100101110
00001011001001001001010010011001
10101100100010010101000110001000
00100101000011110010001000001011
00010100010001010001110101011000
01010010001111100000001000101010
00011000010101001011110010000100
00000101001010001110100001101100
11101001000101100001000001000101
00010010000111100100110000100101
10000000100110001100010111010010
00100100010011001110010010100100
00100010001111100001110001010000
10100100010010101001000000110110
01000001000110110000010011100101
00101000111001101000000001100110
00000101111100000010111001010000
11100101011111000010000000001000
10100001001000110001111010100000
11001001001010010001001101000100
00100100000110101001011001000011
01110100000111000000101001001010
11001001010101001010100010010000
00000000010011110101111100000010
01110000001000001111011001100000
11010010000001001001100100101100
00001010001110100010011001110000
01001100111001000000010011101000
01100100101001001001100100001100
10100110001010010000100011001001
00000100111100100100000110110010
10000110011111000000100000110100
01110011000000011110010000100100
01101000000010110111100001100000
11001010100001001000001010110100
10000011101100000010010100110100
00101010100010100101001100100001
01010100001000001011011001000110
01000010101010010010001101101000
10001101101110110010000010000000
01001000100101010000101100010011
01001010001001001011001000101100
11001110010011010000000000101001
11000010100110000000011010001110
01101001001000110000000110101001
01011100100100100100001001000011
10011011010100001000101001100000
00001011101111000011001100000000
10111010010000100001000010000111
00011110000100100100100011010100
01010001101101010000010010101000
00110100110001000101000100110010
00010010010101110001010000100101
11001010001100010110001001000010
10110010011000010000110011000010
01100000001100111110000010010100
10010101001110100011000100100000
00001010011000111110100100000010
11000110000001001110100000101010
11101000101010000000100101101000
00001100001010100101011000011100
01000011000000110010111010001010
11010001010001001010000110001001
11000010100101000010011100010010
00100110110110000010100011010000
00100101010100100101000000110011
10101111000000000101100101010000
00001011101011001000100001000011
00001100111010010000110000100011
00010000000010110101011100010110
01010101010101101001000100000010
10000001110000111001000010110100
10100100001000110000011111010000
00101000001000101110000010101011
00001000110100001111100000100101
01011000100010000001110010011001
11010001101010000000000011100011
00000010110100001110000111001100
00001110110100010011100010000010
00011010010010011100010100100010
00001001111101000110000110000010
00100101000001000100101100011011
00010010000010001110110001000111
00111001000010010101001001010100
10011000100010000010101010011001
10101110101000010010010000100100
00000001001001101001101001111000
00000100001001000101101001101110
10111001000010000001010010110010
10000010001001100010001100111001
01010001010001000001010010110011
01010111000000010000011100111000
10001000001110100100101011001000
00011110100000010100010110100010
00000000110011010001110010010110
11001100001000011010100001010010
01000010010100110100010000100111
00101001001000101111010000001010
00110100000001011000100100111100
01110010110000100010101010010000
01010100000010111001011100100000
01000010001110010000001010110101
01000100001100111101000101000001
00100100011100011000100101010010
01001000110100010100100011000110
01000011101100001010101000110000
01100001101100000000100110011001
10001000011010110000010001011010
01001010000011111011100010000000
10000000000010101110000101101101
00100000010011100011010101010100
10111001000011100001000101100000
00100000100001001001011111001001
00100011100000010001101011000101
10101100011000111000110000000100
00001110000111000000111010000011
00000000111000111010000101010101
00110110010100100110000001001001
00000011000000000001011011110111
10000010000011100111000110001010
01001101111000000000011110001000
01000000100110000100111100100110
00110111101001100010000000100100
01100110000010000100011101010001
11000010001000001111011000000011
10001100001000001011101110010000
10100010001101000101100010000011
00101101001000010101010001001010
00001000010110000101001001100111
11000110001010101001100010100000
01000101001010010000001110100011
00110000111001010111001000001000
01001101000110010001000110001001
01010010001001010101011000001001
01000110010101101000001010101000
10111001001010010010000000010110
10000110101011001110001000000100
10010101100010001010101000001001
00011011010000111100001101000000
10000000010100001000001110111011
10001101000100011001010000010011
01000100100111001001000001010011
00100011110000001010000011101100
01100111100000000010100001011001
00000001100101010001100010101011
10011000001001100011010010001001
01010000000011111000010101001100
00001110000010001010101001011010
00111000110011001010101000010000
10100101111110000000000000110100
00010100000000111111010001000110
00001011001110100010010100010010
11111011101100000001000110001101
01100110110010100111100011100010
11010010100011001010101011100011
10111111000010101001001100001110
00010000011011001110100011111011
00011100011010011000111011111000
01100011001001001111000010110111
00001111100001111011001110000011
11100110100000111010111000011010
01101001101100101101110011010000
11010011001010111100110001100100
10010100001011010001101110101101
00010010011111000111011110010001
00100110101100011110110010001101
10111000001100110110010101011001
00010111000101000110101111011100
10010110011101010100100010011101
00111101100110011001110001101000
00000110001101110011011001110101
00010100110111101011000110001110
10001011100100101001110001110011
01010101110000110101101000110011
01110101110110000010100011010101
00011100101100111000100001011111
11101111110010010001000001011010
00001101101000010101111011011001
00101001110000010011101110101110
11101000001000001111010010111011
01011001111011101111000000100010
11010010111100001001110100001101
01110101000011001011001101011100
00111110010111101000001111000001
01110010111001000011101100110100
00111011110001011011000001010101
10010001110101010011010100110101
01001011111000111001000011101010
01101000111110010100010111001010
11011011000011010110010111001000
10110010100111101100010101010001
01100111011000100110111001000101
11111101000110000111010100011000
11000000011010100110011010111110
00110101100001010111011110110000
00010011011010101110010011001011
00001011000111101101001100101101
11101101001101001001100001101100
00101000011110110001111100101010
11000010011011110000110011001101
10100100010011011100001111010011
11001011111001110011100010000001
11110100110001000011101000010111
01010001110000011111010111000011
10100010101011100001010011111100
00011101110010100001100010111011
01110100010000101001111101101001
00111010001000001110010111011110
10000101101101101010101010101001
00100110100111011011100000011110
10110001001111111100010011000001
10111110101100100101010001001010
11110010110101001101100100010010
01110111001010000111001000111100
10000100101100100111100011101011
10011001011000110011111001010100
11101011010100001011100100011100
01011110110010100011100100001110
10001011101010000000110111011101
11101001011011010101001000101100
00100110111000100100100111010111
11011101001001000001111100001101
10100100100010011111000110010111
01001100101000001011111001110011
10010001111001100100111011100010
11101110000001011101101110100000
10010110001101111000011101010100
11010101111111000000110110010000
01000110000111001010110111010101
10110100101100110101100000011011
10011011011000000111111100000101
10111001001101001010101000111100
00100000000111010010111101111101
10001101111000011000111000111001
11010000100001111110110110010010
01111000001000110000111011101101
00111001001001110010000001111111
01010000110111010000110011010111
01000110010001111000100101110111
10111101001100000010110001010111
10101001000000111000011011111101
01010010110100110010110100101011
01000100100100100110100110111111
10010110001000110011011010101110
10101010110001110010011101110000
11101111010000111001000110001001
10001001100110001011110101100110
11000100011110010010110111011000
10100110101101000010011011010110
11101010100010000010100110110111
01011011001101010100101100100101
10000111110100100101001000111110
00011011010100011100101101001011
01000110001100111101000101110101
01101100110001111011110100100000
10101110001100111100101011001000
00011100110100010011010010111101
01110010100111111010010101000100
00110111110000001101101110100001
01100011010110100010111011010100
10000001000110001111110011111001
00110110001001101111100010011001
00110010011001101101100010011101
01010001011100100001001111011101
01000010101110101011100101000111
01001101100100010110110101000111
01101110100010111100101000100110
10000101111111011001100001001001
01000001111010100111100000111011
01001000111010111101001101100010
10101101010110000100001100101111
11000001010001011101011001110110
01010010101110011010000100110111
00100001000111111000011011111010
00100000010101100100011111101111
01011110001000001100011111101010
00111011010000111100000111101010
11001011010001010101011001001110
00100011011000101111111100010100
01000110001000001011000111111111
10100100011111100001110001101100
01111111111101000011001000000001
01111000010111010100000101101101
00110100010111110011101000011001
00111101001101111000100100111000
01000110101011100011000111001101
01010000111011010001101101001110
00111101111111000010000011011000
01011110101110010010000111011000
00000001111011001111110000110011
00001100110100011110001011110101
10101100011100101010001101100101
01110101101001001100110100110100
11000110101111100000101010010101
01110011101010000011011001001101
00101101000111010001011011100101
11000111111000111100100000100110
10101111011000001010011001010101
10110011010100010100000011101111
00110101010110010001010011100111
11001100001010101001011001110101
10001001110010010010100011011111
11110000000001001110111110011001
00100100010111101100101011101001
10001001100001110001001111110101
10001100001001111111000110011100
11111011110001000010101010010001
01110000010100000111111101101100
01011011001001000000110110101111
00110010110010100110001111001011
10100000111100100011010110001111
11010101100101100000111010101001
11111011000100100000111101100010
11110000111110000001101000110110
10001001011110010110110010010101
11110101101011100000001010101010
01100010010100011011000111111100
00011001011111101110100001110000
01111110010000010110110101100001
10010111111001010100101110000001
00010011001111000000011111111010
10100001000000011011110100111111
00000101101111100011111100110000
11111101111000000100001010110001
00111010010111110100101010100100
00000011110011010111110001010110
00011001001000010111011101111100
00111000100110011001111010010110
00101111011111100110010000001010
01110001111110010000011110010001
11101100000101010111001111000001
11000101101110001100000011011011
00111011111110010000001011001010
01000011010111100001011100010111
00010010101111000011100110011101
01001110101101101100100000111001
10011011011011000001000100111110
10101110010001110110101110000010
11100011110011000010000001111110
11110101111000100000111110000001
01110000111111110000000110100011
01110001010001101011001010110110
10010001011001010110110010110110
01111011000101001101100101100001
11110011011000000101010001100111
01110000111101101111110000000100
10001100110111100111010011000100
11100100011000001001011011101101
00001110001000010110011101011111
01000110110111011111010100100000
11010010100000100111110000111101
11100101001011011101110000010100